50 34 29 6 44 28
44 12 43 24 45 7
28 19 29 47 4 5
41 54 59 33 5 13
8 13 59 17 34 35
23 56 43 45 15 7
38 51 17 28 39 33
37 52 10 1 57 11
12 11 32 56 52 11
23 50 28 59 56 5
17 39 16 7 51 32
54 11 6 42 53 7
26 1 11 4 23 14
47 30 29 49 45 35
45 35 47 46 12 12
5 41 20 14 17 5
1 8 59 46 41 24
11 55 58 14 49 30
32 43 53 55 56 6
15 37 35 1 47 8
50 58 16 29 11 33
14 5 58 54 36 27
33 24 49 45 1 6
13 30 5 20 17 18
44 42 16 47 23 2
15 16 19 14 24 2
22 39 49 46 20 29
8 42 51 20 6 16
29 43 25 4 34 29
57 40 58 31 39 33
7 33 50 38 8 29
12 59 44 20 9 23
56 7 1 11 55 1
35 24 58 53 10 22
21 43 28 3 7 2
46 13 8 51 35 30
59 7 53 26 4 32
49 59 13 41 14 14
10 56 9 24 52 14
17 45 10 29 9 33
59 48 19 33 30 27
56 45 57 22 18 27
14 57 33 10 7 18
14 16 27 15 8 26
17 11 29 56 57 14
44 1 53 3 41 30
58 34 6 46 40 6
20 7 15 41 44 22
35 19 14 39 56 33
5 3 29 59 39 29
5 36 49 55 22 23
4 46 16 37 32 13
5 2 57 23 20 3
9 54 38 56 31 20
14 3 46 38 35 16
6 50 5 36 13 13
58 3 56 48 16 4
55 30 53 48 19 18
7 15 3 11 28 12
51 13 46 39 4 1
56 27 46 6 51 21
55 41 26 14 59 1
47 31 22 29 55 19
7 20 6 1 49 23
49 54 28 25 56 28
8 44 21 11 49 22
42 4 26 51 19 29
34 44 20 48 6 29
48 56 24 36 33 6
43 26 3 20 48 1
50 1 8 39 5 23
40 42 18 16 2 33
41 26 42 13 39 10
57 14 29 18 28 8
55 23 17 59 36 10
36 59 26 15 34 35
35 18 43 29 26 28
5 2 26 25 49 18
42 23 10 7 1 35
4 28 31 44 21 10
18 50 23 3 21 4
34 56 36 32 22 33
45 31 1 48 27 5
54 4 7 9 30 25
32 45 34 52 58 20
55 32 50 54 42 32
44 10 58 8 30 13
15 59 27 58 3 20
24 30 8 18 39 26
22 32 37 44 50 34
5 23 16 22 29 6
46 10 3 19 36 3
27 19 38 13 17 12
23 40 53 26 7 21
36 25 44 8 10 28
40 23 44 55 15 14
23 20 5 30 8 3
18 44 35 39 1 11
54 43 13 11 23 4
55 52 46 50 36 14
20 18 53 28 35 20
30 49 54 26 51 25
11 20 13 27 59 26
47 21 23 14 10 7
51 21 32 28 9 35
29 8 28 34 38 35
24 43 11 12 45 9
22 49 41 26 3 18
47 16 14 32 52 16
41 33 16 40 11 34
36 38 5 27 41 12
58 36 16 6 5 3
12 43 27 25 23 29
58 16 15 46 50 29
25 3 32 17 19 17
41 31 39 2 5 29
48 20 14 34 3 21
56 13 8 41 3 16
45 10 6 23 41 1
46 52 37 10 40 12
38 9 32 28 5 29
44 53 7 21 3 16
43 17 14 13 54 15
29 53 52 17 31 31
43 48 7 37 52 16
23 46 11 26 55 27
35 8 12 1 6 3
39 29 4 8 7 24
40 1 52 36 53 20
10 57 31 12 56 33
58 18 48 13 36 28
6 39 8 30 48 20
9 59 31 56 19 2
55 54 48 23 3 5
31 22 55 26 54 18
26 36 40 7 12 17
21 57 26 22 30 27
6 23 19 43 13 16
2 34 11 41 26 32
22 10 13 14 52 11
31 35 41 9 57 26
27 21 19 6 2 25
49 14 9 17 57 2
33 53 59 22 28 14
4 36 26 33 55 32
2 26 11 32 22 19
22 16 42 23 55 32
48 55 28 40 36 1
57 47 46 52 7 17
33 57 19 23 13 28
1 46 39 33 18 33
28 8 56 53 30 16
40 6 51 29 3 4
52 2 36 35 13 11
55 45 31 30 59 27
8 37 2 35 22 6
22 1 42 38 34 17
14 27 58 25 38 6
44 29 54 40 9 7
58 53 40 23 9 6
8 24 59 39 49 5
24 36 21 45 42 15
58 5 25 59 30 32
37 58 14 4 12 13
17 43 11 4 51 20
18 54 56 21 46 23
30 48 42 46 40 23
45 17 59 12 25 19
32 19 7 9 6 13
40 25 7 56 2 20
2 45 26 9 47 11
2 22 19 45 26 24
19 33 42 52 11 33
1 25 44 17 37 20
7 10 35 32 22 19
58 54 45 17 12 13
49 7 17 53 2 23
47 53 14 52 54 5
6 51 42 4 25 17
11 39 40 17 12 5
9 38 3 33 19 18
10 58 26 57 8 4
3 42 26 34 28 28
33 9 56 54 57 5
47 34 23 31 3 13
56 6 4 34 49 29
54 2 49 36 40 10
27 40 13 23 24 17
49 1 5 10 15 22
37 56 3 49 9 32
31 5 55 50 56 9
29 37 59 10 44 10
32 4 45 23 18 7
12 52 55 43 5 10
57 25 18 55 50 17
26 5 45 44 57 29
9 6 11 44 31 25
45 13 48 32 20 17
10 18 19 1 13 27
33 41 25 14 32 34
39 7 40 24 37 1
36 51 45 25 40 8
38 56 28 39 23 32
56 51 35 44 8 18
52 48 15 24 40 23
19 58 37 20 41 14
39 28 58 47 10 22
54 15 48 33 10 34
29 8 9 7 24 25
38 14 13 19 31 25
